1.000000 -0.000000 0.000000 0.000000 0.000000 1.000000 -0.000000 0.000000 0.000000 0.000000 1.000000 0.000000
0.999971 0.006373 0.004204 -0.003195 -0.006444 0.999836 0.016930 0.017087 -0.004096 -0.016957 0.999848 0.053026
0.999407 -0.011139 0.032572 0.016933 0.011827 0.999710 -0.020990 -0.012198 -0.032329 0.021363 0.999249 0.465129
0.997385 -0.005844 0.072040 0.070236 0.007901 0.999568 -0.028310 -0.012801 -0.071843 0.028805 0.997000 0.832373
0.993901 0.001262 0.110273 0.114476 0.002051 0.999550 -0.029928 -0.027833 -0.110261 0.029972 0.993451 1.179711
0.988539 0.001476 0.150956 0.186594 0.003530 0.999453 -0.032893 -0.036044 -0.150921 0.033049 0.987993 1.526095
0.984171 0.008053 0.177036 0.290782 0.000021 0.998962 -0.045558 -0.051491 -0.177219 0.044841 0.983149 1.881629
0.983314 0.019943 0.180821 0.371758 -0.009348 0.998199 -0.059255 -0.074180 -0.181677 0.056576 0.981729 2.261983
0.985438 0.019967 0.168860 0.436988 -0.009758 0.998085 -0.061077 -0.076300 -0.169756 0.058540 0.983746 2.622001
0.994145 0.027531 0.104487 0.487613 -0.019856 0.997076 -0.073792 -0.108542 -0.106214 0.071285 0.991785 2.942828
0.999511 0.021769 0.022462 0.468511 -0.020220 0.997546 -0.067030 -0.125564 -0.023866 0.066543 0.997498 3.276601
0.997618 0.018726 -0.066387 0.435153 -0.022713 0.997951 -0.059808 -0.141353 0.065131 0.061173 0.996000 3.568944
0.993110 0.015204 -0.116194 0.380561 -0.022876 0.997624 -0.064981 -0.161118 0.114930 0.067192 0.991099 3.938189
0.994176 -0.000627 -0.107767 0.341596 -0.005752 0.998249 -0.058865 -0.191874 0.107616 0.059142 0.992432 4.317737
0.998199 -0.004060 -0.059856 0.310071 0.000930 0.998635 -0.052229 -0.203243 0.059987 0.052079 0.996840 4.643373
0.999769 -0.020007 -0.007809 0.322090 0.019670 0.998959 -0.041154 -0.208156 0.008624 0.040991 0.999122 4.969962
0.998079 -0.023363 0.057372 0.341027 0.025066 0.999260 -0.029161 -0.210765 -0.056649 0.030543 0.997927 5.288609
0.990079 -0.021841 0.138801 0.407251 0.025410 0.999389 -0.023992 -0.205865 -0.138192 0.027281 0.990030 5.566415
0.979585 -0.019196 0.200111 0.516972 0.024068 0.999469 -0.021945 -0.211668 -0.199584 0.026313 0.979527 5.862914
0.976202 -0.019927 0.215947 0.613372 0.023938 0.999586 -0.015974 -0.218216 -0.215539 0.020764 0.976274 6.202955
0.975909 -0.017655 0.217461 0.682432 0.021314 0.999668 -0.014493 -0.221285 -0.217132 0.018779 0.975961 6.576905
0.983988 -0.020500 0.177053 0.756503 0.022021 0.999736 -0.006632 -0.221473 -0.176870 0.010425 0.984179 6.893270
0.991159 -0.019614 0.131220 0.798957 0.021029 0.999735 -0.009409 -0.221003 -0.131001 0.012085 0.991309 7.243902
0.995467 -0.020678 0.092836 0.813767 0.021839 0.999695 -0.011506 -0.218873 -0.092570 0.013482 0.995615 7.607278
0.995690 -0.015302 0.091472 0.868614 0.015672 0.999872 -0.003319 -0.213910 -0.091410 0.004738 0.995802 7.963964
0.996061 -0.011579 0.087915 0.915779 0.013046 0.999785 -0.016129 -0.216589 -0.087710 0.017212 0.995997 8.359990
0.996115 -0.012684 0.087139 0.945529 0.015014 0.999546 -0.026132 -0.228338 -0.086768 0.027339 0.995853 8.742172
0.995947 -0.019657 0.087770 0.981313 0.021122 0.999652 -0.015792 -0.226599 -0.087429 0.017582 0.996016 9.100699
0.996056 -0.018484 0.086780 1.015604 0.020807 0.999447 -0.025938 -0.241382 -0.086253 0.027641 0.995890 9.510287
0.995978 -0.026185 0.085687 1.048809 0.028915 0.999108 -0.030777 -0.255133 -0.084805 0.033131 0.995847 9.879154
0.995881 -0.025007 0.087155 1.096735 0.027450 0.999260 -0.026956 -0.253089 -0.086417 0.029238 0.995830 10.259240
0.996018 -0.022498 0.086272 1.137818 0.024687 0.999398 -0.024391 -0.260305 -0.085671 0.026424 0.995973 10.631945
0.996161 -0.019781 0.085271 1.187021 0.021100 0.999671 -0.014602 -0.268289 -0.084954 0.016345 0.996251 11.004342
0.996307 -0.018716 0.083803 1.215366 0.020171 0.999660 -0.016542 -0.259953 -0.083465 0.018172 0.996345 11.384934
0.996396 -0.018451 0.082795 1.257418 0.019964 0.999648 -0.017493 -0.263353 -0.082443 0.019083 0.996413 11.768780
0.996391 -0.026201 0.080737 1.279046 0.027618 0.999483 -0.016481 -0.270591 -0.080264 0.018651 0.996599 12.160736
0.996157 -0.028616 0.082782 1.305371 0.030767 0.999218 -0.024833 -0.282518 -0.082007 0.027284 0.996258 12.531194
0.996030 -0.034473 0.082067 1.347700 0.036630 0.999018 -0.024932 -0.281107 -0.081127 0.027839 0.996315 12.918744
0.995851 -0.040175 0.081648 1.393344 0.042388 0.998774 -0.025563 -0.288238 -0.080521 0.028918 0.996333 13.307725
0.995840 -0.041145 0.081295 1.416764 0.043327 0.998741 -0.025266 -0.290845 -0.080153 0.028683 0.996370 13.666198
0.995648 -0.042316 0.083032 1.456232 0.044142 0.998819 -0.020282 -0.295587 -0.082076 0.023859 0.996340 14.038236
0.995994 -0.039646 0.080155 1.492404 0.041598 0.998874 -0.022832 -0.299603 -0.079160 0.026075 0.996521 14.428316
0.995991 -0.039793 0.080115 1.520474 0.041634 0.998903 -0.021436 -0.316277 -0.079174 0.024685 0.996555 14.802004
0.996042 -0.041410 0.078645 1.572693 0.042924 0.998922 -0.017661 -0.304932 -0.077829 0.020967 0.996746 15.179754
0.996092 -0.038819 0.079331 1.607994 0.040482 0.998991 -0.019461 -0.322077 -0.078495 0.022596 0.996658 15.580054
0.996161 -0.036252 0.079685 1.653265 0.037902 0.999095 -0.019297 -0.319066 -0.078914 0.022243 0.996633 15.965286
0.996277 -0.034563 0.078984 1.694096 0.035944 0.999224 -0.016130 -0.315993 -0.078365 0.018909 0.996745 16.347771
0.996238 -0.032412 0.080373 1.734020 0.033277 0.999402 -0.009443 -0.311299 -0.080019 0.012082 0.996720 16.698696
0.996108 -0.033596 0.081487 1.752614 0.034390 0.999374 -0.008361 -0.315826 -0.081155 0.011131 0.996639 17.073074
0.996459 -0.032696 0.077461 1.801611 0.033925 0.999318 -0.014596 -0.316187 -0.076931 0.017172 0.996889 17.482693
0.996325 -0.032339 0.079320 1.830888 0.033672 0.999312 -0.015525 -0.321177 -0.078763 0.018139 0.996728 17.851114
0.996434 -0.033657 0.077372 1.865978 0.034591 0.999344 -0.010761 -0.321302 -0.076959 0.013399 0.996944 18.207792
0.996624 -0.032074 0.075577 1.899572 0.033011 0.999392 -0.011190 -0.311596 -0.075172 0.013647 0.997077 18.577192
0.996586 -0.028774 0.077388 1.935871 0.028968 0.999579 -0.001385 -0.315937 -0.077316 0.003622 0.997000 18.961523
0.996866 -0.018913 0.076820 1.989307 0.021155 0.999370 -0.028481 -0.318966 -0.076233 0.030017 0.996638 19.369852
0.996812 -0.019278 0.077426 2.016622 0.021703 0.999296 -0.030599 -0.345472 -0.076781 0.032182 0.996528 19.739058
0.996808 -0.023785 0.076209 2.061022 0.025713 0.999371 -0.024418 -0.345720 -0.075580 0.026300 0.996793 20.115055
0.996900 -0.026155 0.074204 2.087132 0.028009 0.999318 -0.024059 -0.350448 -0.073525 0.026063 0.996953 20.497940
0.996778 -0.025029 0.076200 2.111595 0.026817 0.999386 -0.022530 -0.350011 -0.075589 0.024501 0.996838 20.872278
0.996905 -0.026069 0.074172 2.158012 0.027735 0.999384 -0.021517 -0.350349 -0.073566 0.023508 0.997013 21.257830
0.996824 -0.023690 0.076027 2.194257 0.024773 0.999604 -0.013324 -0.349483 -0.075681 0.015165 0.997017 21.637199
0.996448 -0.027972 0.079427 2.222569 0.028543 0.999574 -0.006052 -0.351628 -0.079224 0.008298 0.996822 22.008814
0.996351 -0.029693 0.080013 2.254247 0.030551 0.999488 -0.009516 -0.349305 -0.079690 0.011926 0.996748 22.394297
0.996517 -0.031322 0.077283 2.291163 0.032435 0.999387 -0.013196 -0.357891 -0.076822 0.015657 0.996922 22.769316
0.997630 -0.034359 0.059610 2.316151 0.035335 0.999257 -0.015406 -0.359344 -0.059036 0.017476 0.998103 23.136307
0.998988 -0.034040 0.029383 2.346235 0.034616 0.999214 -0.019320 -0.359193 -0.028703 0.020318 0.999381 23.510313
0.999250 -0.038550 -0.003688 2.329334 0.038482 0.999113 -0.017092 -0.361018 0.004344 0.016937 0.999847 23.869650
0.998281 -0.043665 -0.039083 2.318409 0.042928 0.998888 -0.019511 -0.380895 0.039891 0.017800 0.999045 24.230518
0.996334 -0.042103 -0.074476 2.281001 0.040904 0.999009 -0.017558 -0.380873 0.075142 0.014447 0.997068 24.570606
0.993266 -0.043680 -0.107309 2.250136 0.042111 0.998971 -0.016854 -0.383189 0.107935 0.012221 0.994083 24.937386
0.988865 -0.036932 -0.144161 2.207313 0.034156 0.999181 -0.021685 -0.381775 0.144844 0.016519 0.989317 25.294409
0.982994 -0.039251 -0.179396 2.140251 0.035413 0.999071 -0.024545 -0.385030 0.180193 0.017775 0.983471 25.657290
0.976850 -0.035957 -0.210883 2.051890 0.032612 0.999281 -0.019322 -0.397262 0.211426 0.011997 0.977320 25.986795
0.969021 -0.033170 -0.244740 1.959341 0.030003 0.999411 -0.016658 -0.386905 0.245148 0.008800 0.969446 26.304304
0.959088 -0.039303 -0.280366 1.864226 0.035929 0.999207 -0.017167 -0.396422 0.280819 0.006391 0.959740 26.680468
0.948660 -0.039909 -0.313769 1.746263 0.035983 0.999185 -0.018299 -0.388451 0.314244 0.006069 0.949323 27.005436
0.937239 -0.034273 -0.347000 1.629086 0.031894 0.999412 -0.012565 -0.394855 0.347226 0.000709 0.937781 27.323631
0.925462 -0.038132 -0.376918 1.501269 0.036859 0.999264 -0.010594 -0.394708 0.377044 -0.004089 0.926186 27.664070
0.913003 -0.052072 -0.404615 1.335685 0.046639 0.998640 -0.023281 -0.419154 0.405278 0.002384 0.914191 28.005426
0.901889 -0.052193 -0.428803 1.158237 0.049773 0.998618 -0.016863 -0.412241 0.429091 -0.006134 0.903240 28.327297
0.890002 -0.048418 -0.453379 1.004100 0.046881 0.998793 -0.014636 -0.408545 0.453540 -0.008229 0.891198 28.640858
0.878183 -0.048087 -0.475902 0.824866 0.044551 0.998832 -0.018714 -0.409835 0.476246 -0.004768 0.879299 28.972645
0.866049 -0.047406 -0.497707 0.637808 0.043784 0.998861 -0.018954 -0.414861 0.498039 -0.005377 0.867138 29.281015
0.851819 -0.041381 -0.522199 0.450665 0.047593 0.998866 -0.001518 -0.400591 0.521670 -0.023560 0.852822 29.585609
0.838252 -0.041019 -0.543737 0.264050 0.046452 0.998914 -0.003744 -0.394579 0.543300 -0.022119 0.839247 29.883005
0.814239 -0.032174 -0.579637 0.075262 0.043674 0.999028 0.005897 -0.398795 0.578884 -0.030117 0.814853 30.151577
0.791884 -0.024118 -0.610195 -0.129270 0.031697 0.999496 0.001631 -0.390112 0.609848 -0.020633 0.792250 30.447525
0.762415 -0.021719 -0.646724 -0.337731 0.032312 0.999468 0.004527 -0.387282 0.646281 -0.024349 0.762711 30.675648
0.726479 -0.024808 -0.686741 -0.559121 0.030514 0.999527 -0.003828 -0.378974 0.686511 -0.018175 0.726892 30.902763
0.666941 -0.079880 -0.740816 -0.720609 0.069099 0.996583 -0.045250 0.629793 0.741899 -0.021011 0.670182 31.091841
0.584203 -0.162061 -0.795263 -0.877455 0.117139 0.986438 -0.114968 1.634251 0.803110 -0.025992 0.595264 31.209927
0.516861 -0.238425 -0.822197 -1.142115 0.146637 0.970896 -0.189364 2.650848 0.843417 -0.022690 0.536780 31.290171
0.516725 -0.315290 -0.795982 -1.700793 0.165264 0.948968 -0.268604 3.634917 0.840050 0.007247 0.542461 31.446138
0.478965 -0.412644 -0.774801 -2.199906 0.179257 0.910006 -0.373839 4.606083 0.859337 0.040167 0.509831 31.636776
0.373897 -0.487457 -0.789042 -2.772423 0.176413 0.872593 -0.455478 5.541061 0.910538 0.031105 0.412254 31.762936
0.346566 -0.565023 -0.748760 -3.543469 0.188059 0.823875 -0.534662 6.413229 0.918981 0.044485 0.391785 31.890785
0.308894 -0.655972 -0.688684 -4.371462 0.177145 0.751104 -0.635973 7.288934 0.934454 0.074451 0.348214 31.957132
0.265517 -0.735961 -0.622786 -5.321660 0.165544 0.671181 -0.722573 8.021574 0.949787 0.088757 0.300044 32.125221
0.233682 -0.794288 -0.560802 -6.349948 0.146803 0.598981 -0.787191 8.643570 0.961167 0.101625 0.256575 32.337498
0.215869 -0.801429 -0.557775 -7.739869 0.161734 0.592701 -0.789017 8.824803 0.962934 0.080113 0.257564 32.653385
0.218324 -0.812506 -0.540526 -9.091171 0.170696 0.577144 -0.798604 9.053559 0.960832 0.082089 0.264695 32.819729
0.247483 -0.812269 -0.528177 -10.383813 0.149857 0.570665 -0.807393 9.323879 0.957233 0.120665 0.262954 32.920155
0.280014 -0.808875 -0.517024 -11.703719 0.170999 0.571981 -0.802245 9.489176 0.944644 0.136229 0.298479 33.196186
0.319765 -0.809865 -0.491801 -12.918522 0.215727 0.567650 -0.794503 9.665642 0.922612 0.147959 0.356224 33.480267
0.297674 -0.865820 -0.402175 -14.015056 0.285355 0.482709 -0.827988 9.929415 0.911023 0.131708 0.390756 33.774403
0.253617 -0.926465 -0.278101 -15.077275 0.335311 0.353878 -0.873119 10.110802 0.907328 0.128187 0.400404 34.016083
0.218259 -0.950845 -0.219673 -16.246801 0.332178 0.284044 -0.899431 9.764590 0.917617 0.123338 0.377845 34.299175
0.160410 -0.974332 -0.157942 -17.313686 0.330558 0.203803 -0.921518 9.620047 0.930054 0.095612 0.354765 34.519539
0.122643 -0.987203 -0.101929 -18.359907 0.301175 0.134882 -0.943981 9.066466 0.945649 0.085074 0.313863 34.754559
0.144767 -0.989259 -0.020214 -19.349836 0.262137 0.058044 -0.963284 8.640419 0.954110 0.134153 0.267724 34.789795
0.125708 -0.990977 0.046498 -20.023035 0.173395 -0.024201 -0.984555 8.201964 0.976797 0.131829 0.168789 34.894127
0.138519 -0.988910 0.053561 -20.721939 0.109077 -0.038519 -0.993287 7.335111 0.984335 0.143432 0.102532 34.888367
0.190153 -0.981119 0.035324 -21.291048 0.045695 -0.027096 -0.998588 6.308521 0.980690 0.191499 0.039680 34.854313
0.211546 -0.977194 0.018473 -21.773384 0.009906 -0.016757 -0.999811 5.105267 0.977318 0.211688 0.006135 34.720539
0.214953 -0.976522 0.014153 -22.158958 -0.006723 -0.015971 -0.999850 3.834378 0.976601 0.214825 -0.009998 34.619297
0.211511 -0.977315 0.010846 -22.046995 -0.003623 -0.011881 -0.999923 3.725950 0.977369 0.211456 -0.006054 34.661606
0.224845 -0.974363 0.007827 -22.102041 -0.012854 -0.010998 -0.999857 3.113245 0.974310 0.224713 -0.014998 34.597813
0.221039 -0.975231 0.008196 -22.111460 -0.012655 -0.011271 -0.999856 2.743956 0.975183 0.220904 -0.014833 34.639149
0.246646 -0.968976 0.015858 -22.067207 0.003883 -0.015375 -0.999874 2.399551 0.969098 0.246676 -0.000030 34.663849
0.250016 -0.967938 0.024233 -22.046637 0.021459 -0.019483 -0.999580 2.029094 0.968004 0.250431 0.015900 34.655415
0.245369 -0.968931 0.031097 -22.080851 0.029839 -0.024514 -0.999254 1.743168 0.968970 0.246114 0.022897 34.720665
0.239180 -0.970292 0.036417 -22.077194 0.030604 -0.029954 -0.999083 1.350309 0.970493 0.240075 0.022530 34.743484
0.241302 -0.969492 0.043102 -22.058300 0.030732 -0.036758 -0.998852 1.026981 0.969963 0.242350 0.020925 34.749306
0.235920 -0.970597 0.047788 -22.099449 0.020276 -0.044248 -0.998815 0.614325 0.971561 0.236609 0.009241 34.782612
0.245615 -0.968081 0.049926 -22.078932 0.017545 -0.047056 -0.998738 0.223762 0.969209 0.246181 0.005427 34.776108
0.240160 -0.969597 0.046949 -22.042414 0.009781 -0.045945 -0.998896 -0.198948 0.970684 0.240354 -0.001550 34.816029
0.241827 -0.969253 0.045483 -22.016411 0.009301 -0.044556 -0.998964 -0.578415 0.970275 0.241999 -0.001760 34.816002
0.248903 -0.968277 0.022070 -21.966343 0.000893 -0.022558 -0.999745 -1.009767 0.968528 0.248860 -0.004750 34.877277
0.242131 -0.969961 0.023403 -21.964006 -0.000894 -0.024344 -0.999703 -1.353336 0.970243 0.242038 -0.006762 34.860336
0.496270 -0.844464 -0.201486 -21.058626 -0.013178 0.224727 -0.974333 -2.073894 0.868068 0.486187 0.100397 35.246525
0.476657 -0.859371 -0.185149 -21.208799 -0.022628 0.198551 -0.979829 -2.257329 0.878798 0.471232 0.075195 35.320740
0.459208 -0.872078 -0.169142 -21.416464 -0.031708 0.174192 -0.984201 -2.522594 0.887763 0.457316 0.052338 35.368107
0.444644 -0.884350 -0.142187 -21.678429 -0.038346 0.139803 -0.989437 -2.857568 0.894886 0.445399 0.028252 35.384190
0.436468 -0.887753 -0.146255 -21.750509 -0.053784 0.136521 -0.989176 -3.000983 0.898111 0.439610 0.011840 35.479572
0.431588 -0.885768 -0.170726 -21.809315 -0.066511 0.157498 -0.985277 -3.276649 0.899615 0.436589 0.009061 35.502945
0.434758 -0.887064 -0.155254 -21.839420 -0.081913 0.132732 -0.987761 -3.684986 0.896814 0.442154 -0.014956 35.512894
0.425342 -0.891210 -0.157569 -21.911873 -0.095895 0.128743 -0.987031 -4.090871 0.899938 0.434936 -0.030703 35.480896
0.416971 -0.892846 -0.170182 -21.980883 -0.113091 0.134817 -0.984396 -4.410699 0.901857 0.429711 -0.044758 35.471603
0.408382 -0.896950 -0.169422 -22.050209 -0.127335 0.127811 -0.983590 -4.800239 0.903886 0.423254 -0.062018 35.438385
0.404186 -0.896923 -0.179339 -22.115551 -0.141355 0.132462 -0.981057 -5.151622 0.903688 0.421880 -0.073245 35.409210
0.404662 -0.896402 -0.180865 -22.181585 -0.149957 0.130058 -0.980101 -5.516771 0.902087 0.423732 -0.081792 35.386402
0.412235 -0.891567 -0.187539 -22.241657 -0.150832 0.136218 -0.979129 -5.879383 0.898506 0.431918 -0.078323 35.368042
0.416764 -0.888009 -0.194291 -22.312515 -0.152122 0.142591 -0.978022 -6.255343 0.896196 0.437160 -0.075659 35.366047
0.420926 -0.885567 -0.196447 -22.391914 -0.154761 0.143282 -0.977507 -6.610958 0.893795 0.441861 -0.076741 35.349335
0.426198 -0.883132 -0.196046 -22.447582 -0.154478 0.142481 -0.977668 -6.974587 0.891343 0.446965 -0.075700 35.329063
0.433288 -0.879960 -0.194763 -22.529209 -0.155682 0.139776 -0.977868 -7.367606 0.887708 0.454019 -0.076431 35.300888
0.429159 -0.882525 -0.192284 -22.601217 -0.159980 0.135249 -0.977811 -7.752409 0.888948 0.450398 -0.083143 35.274899
0.430828 -0.882909 -0.186705 -22.670012 -0.161725 0.128003 -0.978499 -8.121208 0.887824 0.451760 -0.087641 35.252777
0.430722 -0.881636 -0.192864 -22.738283 -0.163543 0.133916 -0.977405 -8.482046 0.887543 0.452531 -0.086505 35.232353
0.437967 -0.877640 -0.194765 -22.809332 -0.163315 0.135371 -0.977243 -8.863157 0.884033 0.459808 -0.084044 35.197308
0.439205 -0.877523 -0.192488 -22.877916 -0.165385 0.131622 -0.977407 -9.242973 0.883033 0.461117 -0.087320 35.182720
0.437339 -0.877073 -0.198690 -22.946867 -0.167811 0.137467 -0.976188 -9.598178 0.883501 0.460267 -0.087063 35.161583
0.437856 -0.876823 -0.198656 -23.033306 -0.167030 0.137779 -0.976277 -9.967196 0.883393 0.460651 -0.086128 35.121346
0.438013 -0.876562 -0.199460 -23.099873 -0.167739 0.138288 -0.976084 -10.336166 0.883181 0.460995 -0.086462 35.106483
0.438534 -0.876835 -0.197097 -23.184891 -0.169737 0.134555 -0.976260 -10.719927 0.882540 0.461579 -0.089824 35.072876
0.437829 -0.876271 -0.201135 -23.249039 -0.170244 0.138865 -0.975568 -11.087727 0.882792 0.461374 -0.088381 35.045921
0.434616 -0.878529 -0.198231 -23.336006 -0.171475 0.135359 -0.975845 -11.458571 0.884141 0.458109 -0.091816 35.016045
0.430412 -0.882221 -0.190872 -23.403603 -0.172370 0.127236 -0.976780 -11.826910 0.886022 0.453318 -0.097305 34.973820
0.431677 -0.883310 -0.182809 -23.471216 -0.173329 0.117660 -0.977810 -12.225959 0.885219 0.453784 -0.102312 34.952389
0.434044 -0.883321 -0.177060 -23.543077 -0.175276 0.109983 -0.978357 -12.586572 0.883676 0.455685 -0.107088 34.909664
0.439839 -0.882266 -0.167773 -23.610220 -0.174666 0.099209 -0.979617 -12.969784 0.880928 0.460178 -0.110466 34.885117
0.438930 -0.884325 -0.159090 -23.654970 -0.174555 0.089761 -0.980548 -13.369463 0.881403 0.458162 -0.114964 34.853794
0.445484 -0.884321 -0.139716 -23.708586 -0.181839 0.063432 -0.981280 -13.765657 0.876629 0.462550 -0.132546 34.804920
0.451466 -0.879894 -0.148203 -23.753286 -0.187081 0.069060 -0.979914 -14.138232 0.872456 0.470124 -0.133433 34.767628
0.447654 -0.882201 -0.146035 -23.809490 -0.195761 0.062666 -0.978647 -14.511910 0.872515 0.466684 -0.144648 34.721985
0.445831 -0.884782 -0.135631 -23.856197 -0.204496 0.046839 -0.977746 -14.908515 0.871445 0.463646 -0.160052 34.651665
0.444483 -0.886200 -0.130709 -23.905910 -0.210864 0.038305 -0.976765 -15.288105 0.870616 0.461717 -0.169842 34.594841
0.443487 -0.885822 -0.136521 -23.959200 -0.220900 0.039594 -0.974493 -15.655188 0.868632 0.462333 -0.178118 34.543388
0.440900 -0.886407 -0.141030 -24.014580 -0.232456 0.038997 -0.971825 -16.024899 0.866932 0.461261 -0.188857 34.463226
0.438214 -0.886115 -0.150894 -24.085501 -0.240443 0.046197 -0.969563 -16.362610 0.866115 0.461157 -0.192816 34.395329
0.439812 -0.885124 -0.152053 -24.128010 -0.241489 0.046517 -0.969288 -16.740978 0.865014 0.463024 -0.193289 34.329628
0.439419 -0.884639 -0.155964 -24.185965 -0.242392 0.050413 -0.968868 -17.113720 0.864961 0.463543 -0.192277 34.281727
0.435607 -0.886052 -0.158613 -24.258949 -0.245197 0.052744 -0.968038 -17.469902 0.866098 0.460575 -0.194281 34.202629
0.438943 -0.883736 -0.162297 -24.314928 -0.245066 0.056030 -0.967886 -17.833181 0.864449 0.464620 -0.191980 34.132355
0.435807 -0.885485 -0.161210 -24.371876 -0.246056 0.055075 -0.967690 -18.215279 0.865753 0.461392 -0.193877 34.077332
0.436345 -0.885307 -0.160732 -24.433102 -0.248504 0.053114 -0.967173 -18.577078 0.864782 0.461964 -0.196827 33.993397
0.436377 -0.885407 -0.160092 -24.502031 -0.250380 0.051404 -0.966782 -18.950384 0.864225 0.461965 -0.199256 33.923462
0.436307 -0.885299 -0.160879 -24.558355 -0.251692 0.051579 -0.966432 -19.322910 0.863879 0.462153 -0.200318 33.860260
0.433626 -0.886794 -0.159888 -24.620426 -0.252018 0.051005 -0.966377 -19.701366 0.865133 0.459341 -0.201371 33.791588
0.430302 -0.888900 -0.157154 -24.666557 -0.251949 0.048909 -0.966504 -20.068542 0.866811 0.455483 -0.202912 33.721298
0.427884 -0.890483 -0.154773 -24.740107 -0.254928 0.045384 -0.965894 -20.433779 0.867137 0.452747 -0.207590 33.635422
0.424612 -0.892960 -0.149422 -24.788679 -0.254668 0.040576 -0.966177 -20.815643 0.868820 0.448303 -0.210179 33.560795
0.421967 -0.895484 -0.141605 -24.843966 -0.255890 0.032203 -0.966169 -21.202732 0.869749 0.443927 -0.215557 33.490280
0.422718 -0.895736 -0.137720 -24.903168 -0.256494 0.027501 -0.966154 -21.572596 0.869207 0.443735 -0.218126 33.411049
0.426058 -0.894645 -0.134476 -24.958317 -0.258160 0.022234 -0.965846 -21.958412 0.867080 0.446223 -0.221489 33.334808
0.426663 -0.894486 -0.133619 -25.001539 -0.258980 0.020719 -0.965660 -22.321236 0.866538 0.446616 -0.222814 33.261135
0.426975 -0.894476 -0.132684 -25.053249 -0.260055 0.019069 -0.965406 -22.696865 0.866062 0.446709 -0.224471 33.196320
0.423304 -0.896698 -0.129412 -25.101507 -0.261819 0.015671 -0.964990 -23.074726 0.867332 0.442366 -0.228139 33.086796
0.425799 -0.895386 -0.130304 -25.156521 -0.263033 0.015302 -0.964666 -23.432775 0.865742 0.445028 -0.229000 33.004406
0.422528 -0.896291 -0.134654 -25.204620 -0.263948 0.020444 -0.964320 -23.806612 0.867065 0.442994 -0.227936 32.932926
0.422078 -0.896654 -0.133650 -25.254686 -0.264705 0.019105 -0.964140 -24.174278 0.867054 0.442320 -0.229285 32.853306
0.422153 -0.896629 -0.133576 -25.321226 -0.267107 0.017779 -0.963503 -24.545675 0.866280 0.442425 -0.231990 32.764660
0.422323 -0.897298 -0.128451 -25.357908 -0.267027 0.012264 -0.963611 -24.927307 0.866221 0.441255 -0.234423 32.682995
0.424074 -0.896224 -0.130170 -25.407696 -0.268470 0.012864 -0.963202 -25.287481 0.864919 0.443415 -0.235154 32.611168
0.426026 -0.895298 -0.130170 -25.459517 -0.270040 0.011484 -0.962781 -25.660173 0.863470 0.445320 -0.236873 32.522247
0.423827 -0.895493 -0.135880 -25.517336 -0.271426 0.017554 -0.962299 -26.023499 0.864117 0.444730 -0.235620 32.436203
0.425099 -0.894578 -0.137917 -25.566406 -0.273292 0.018407 -0.961755 -26.384409 0.862903 0.446533 -0.236657 32.362747
0.426440 -0.894469 -0.134438 -25.611969 -0.273032 0.014404 -0.961897 -26.778694 0.862324 0.446898 -0.238076 32.295422
0.424767 -0.895488 -0.132949 -25.663950 -0.279890 0.009761 -0.959982 -27.147333 0.860950 0.444980 -0.246492 32.197365
0.425238 -0.895372 -0.132218 -25.720388 -0.280923 0.008297 -0.959694 -27.504786 0.860380 0.445242 -0.248003 32.099998
0.426055 -0.894836 -0.133212 -25.759661 -0.281472 0.008827 -0.959529 -27.886021 0.859797 0.446308 -0.248111 32.029354
0.428691 -0.893812 -0.131624 -25.814672 -0.283669 0.005157 -0.958908 -28.256996 0.857762 0.448413 -0.251336 31.941797
0.426990 -0.894486 -0.132567 -25.869493 -0.286184 0.005391 -0.958159 -28.629776 0.857775 0.447063 -0.253686 31.852106
0.427107 -0.894609 -0.131357 -25.925941 -0.286678 0.003801 -0.958020 -28.986303 0.857552 0.446834 -0.254841 31.754587
0.427307 -0.893960 -0.135071 -25.967426 -0.287511 0.007281 -0.957750 -29.355867 0.857174 0.448087 -0.253912 31.674414
0.427085 -0.894053 -0.135157 -26.030941 -0.288202 0.007082 -0.957544 -29.734821 0.857052 0.447905 -0.254643 31.576555
0.424975 -0.895099 -0.134886 -26.080946 -0.289746 0.006661 -0.957080 -30.088993 0.857580 0.445818 -0.256521 31.485270
0.424538 -0.894928 -0.137372 -26.133732 -0.289587 0.009541 -0.957104 -30.442568 0.857850 0.446108 -0.255109 31.392334
0.423440 -0.895336 -0.138105 -26.181198 -0.291448 0.009708 -0.956537 -30.819778 0.857763 0.445286 -0.256833 31.300938
0.424677 -0.894312 -0.140912 -26.237488 -0.293471 0.011258 -0.955902 -31.185593 0.856460 0.447303 -0.257674 31.212719
0.426963 -0.893185 -0.141149 -26.296274 -0.294341 0.010317 -0.955645 -31.543955 0.855024 0.449571 -0.258496 31.118225
0.427473 -0.893250 -0.139184 -26.342768 -0.294452 0.007992 -0.955633 -31.925112 0.854731 0.449490 -0.259603 31.035522
0.427438 -0.893640 -0.136761 -26.391029 -0.288770 0.008391 -0.957362 -32.303009 0.856685 0.448705 -0.254470 30.942968
0.429414 -0.894115 -0.127128 -26.443632 -0.267841 0.008348 -0.963427 -32.652863 0.862476 0.447759 -0.235896 30.852896
0.430479 -0.895096 -0.116150 -26.498497 -0.245952 0.007487 -0.969253 -33.024609 0.868444 0.445811 -0.216928 30.765491
0.431897 -0.895406 -0.108226 -26.522018 -0.239956 0.001595 -0.970783 -33.390751 0.869417 0.445247 -0.214169 30.707121
0.431926 -0.895085 -0.110734 -26.559902 -0.238137 0.005239 -0.971218 -33.771507 0.869903 0.445864 -0.210890 30.652884
0.433634 -0.894134 -0.111742 -26.606459 -0.238841 0.005521 -0.971043 -34.152012 0.868859 0.447765 -0.211162 30.584251
0.433863 -0.894381 -0.108836 -26.651083 -0.240105 0.001655 -0.970746 -34.524632 0.868397 0.447303 -0.214027 30.495144
0.432985 -0.894071 -0.114718 -26.690403 -0.241171 0.007723 -0.970452 -34.887974 0.868539 0.447858 -0.212280 30.428263
0.433073 -0.894792 -0.108604 -26.728224 -0.241026 0.001139 -0.970518 -35.252899 0.868535 0.446482 -0.215175 30.356148
0.428758 -0.897159 -0.106169 -26.772194 -0.243326 -0.001505 -0.969943 -35.642010 0.870034 0.441704 -0.218947 30.273922
0.432119 -0.894931 -0.111230 -26.819241 -0.244334 0.002544 -0.969688 -36.009251 0.868087 0.446198 -0.217562 30.191763
0.429765 -0.896214 -0.110012 -26.867386 -0.245262 0.001391 -0.969456 -36.369301 0.868993 0.443620 -0.219210 30.115618
0.429597 -0.896046 -0.112015 -26.907831 -0.245206 0.003632 -0.969464 -36.740837 0.869092 0.443946 -0.218156 30.032267
0.426059 -0.897812 -0.111383 -26.949415 -0.248038 0.002476 -0.968747 -37.166473 0.870029 0.440371 -0.221637 29.977003
0.364091 -0.923095 -0.123828 -28.377409 -0.244839 0.033414 -0.968988 -37.564121 0.898605 0.383118 -0.213844 30.763723
0.365769 -0.922663 -0.122092 -28.424112 -0.246423 0.030493 -0.968683 -37.899441 0.897490 0.384400 -0.216212 30.689407
0.366209 -0.921834 -0.126936 -28.464291 -0.245585 0.035829 -0.968713 -38.273945 0.897540 0.385925 -0.213268 30.631483
0.364442 -0.922076 -0.130220 -28.523090 -0.248938 0.038282 -0.967763 -38.641441 0.897336 0.385110 -0.215588 30.547274
0.364039 -0.922901 -0.125417 -28.569185 -0.248699 0.033446 -0.968003 -39.033405 0.897566 0.383582 -0.217349 30.449594
0.362923 -0.923700 -0.122740 -28.619009 -0.249180 0.030719 -0.967970 -39.394905 0.897884 0.381883 -0.219019 30.381615
0.361561 -0.924080 -0.123890 -28.659784 -0.250611 0.031665 -0.967570 -39.787395 0.898035 0.380884 -0.220136 30.295221
0.362702 -0.923371 -0.125830 -28.712450 -0.253722 0.032078 -0.966745 -40.153240 0.896701 0.382566 -0.222645 30.237083
0.358450 -0.924374 -0.130561 -28.769270 -0.251111 0.039229 -0.967163 -40.484352 0.899142 0.379465 -0.218059 30.130390
0.361097 -0.923658 -0.128313 -28.814375 -0.254535 0.034747 -0.966439 -40.886150 0.897118 0.381638 -0.222556 30.060848
0.359859 -0.924001 -0.129322 -28.865282 -0.255163 0.035857 -0.966233 -41.257000 0.897437 0.380706 -0.222868 29.993441
0.359497 -0.924422 -0.127305 -28.918238 -0.256226 0.033392 -0.966040 -41.646519 0.897279 0.379907 -0.224857 29.909208
0.358760 -0.924880 -0.126050 -28.974052 -0.252036 0.034042 -0.967119 -42.008575 0.898760 0.378733 -0.220890 29.819895
0.362073 -0.924194 -0.121525 -29.014700 -0.234906 0.035698 -0.971362 -42.359558 0.902066 0.380251 -0.204173 29.746078
0.361352 -0.925121 -0.116514 -29.058075 -0.229845 0.032725 -0.972677 -42.761391 0.903657 0.378259 -0.200809 29.714130
0.362412 -0.924755 -0.116128 -29.101463 -0.227132 0.033211 -0.973298 -43.135906 0.903918 0.379111 -0.198005 29.626272
0.360307 -0.925195 -0.119131 -29.161465 -0.230628 0.035394 -0.972398 -43.500248 0.903875 0.377837 -0.200623 29.561483
0.358243 -0.925692 -0.121474 -29.203773 -0.226461 0.040067 -0.973196 -43.851421 0.905747 0.376150 -0.195279 29.483255
0.358547 -0.925330 -0.123320 -29.245214 -0.228412 0.041127 -0.972695 -44.240959 0.905136 0.376925 -0.196610 29.436169
0.356079 -0.925752 -0.127245 -29.300655 -0.229772 0.045249 -0.972192 -44.594158 0.905766 0.375415 -0.196600 29.353878
0.358357 -0.925236 -0.124574 -29.352261 -0.231307 0.041283 -0.972005 -44.976372 0.904476 0.377139 -0.199219 29.281208
0.356764 -0.925794 -0.124999 -29.382015 -0.229652 0.042784 -0.972332 -45.345451 0.905527 0.375599 -0.197347 29.219048
0.359485 -0.924506 -0.126726 -29.443285 -0.233433 0.042393 -0.971448 -45.722801 0.903482 0.378803 -0.200570 29.160925
0.357607 -0.925323 -0.126071 -29.486103 -0.235413 0.041316 -0.971017 -46.105778 0.903713 0.376921 -0.203059 29.087442
0.359575 -0.923787 -0.131618 -29.545710 -0.235619 0.046594 -0.970728 -46.453236 0.902878 0.380062 -0.200907 29.001781
0.357646 -0.924221 -0.133810 -29.594603 -0.237274 0.048652 -0.970224 -46.823906 0.903211 0.378747 -0.201894 28.949516
0.363138 -0.920474 -0.144425 -29.650337 -0.236847 0.058721 -0.969771 -47.206211 0.901129 0.386368 -0.196688 28.896452
0.363895 -0.923401 -0.122107 -29.712311 -0.212596 0.045295 -0.976090 -47.590740 0.906854 0.381154 -0.179829 28.797865
0.369332 -0.922805 -0.109658 -29.734953 -0.177818 0.045644 -0.983004 -47.922955 0.912126 0.382554 -0.147233 28.781881
0.372432 -0.923007 -0.096704 -29.770866 -0.151115 0.042497 -0.987602 -48.305138 0.915674 0.382428 -0.123653 28.749870
0.373918 -0.923118 -0.089661 -29.803186 -0.126224 0.045124 -0.990975 -48.647709 0.918832 0.381861 -0.099647 28.717892
0.380526 -0.921198 -0.081200 -29.826834 -0.102368 0.045306 -0.993714 -49.029327 0.919087 0.386447 -0.077062 28.715889
0.376638 -0.923112 -0.077512 -29.859459 -0.086066 0.048442 -0.995111 -49.394379 0.922354 0.381468 -0.061203 28.697023
0.377799 -0.923131 -0.071394 -29.882494 -0.070354 0.048264 -0.996354 -49.789108 0.923211 0.381445 -0.046712 28.693420
0.376912 -0.923709 -0.068546 -29.906637 -0.068062 0.046183 -0.996612 -50.152699 0.923745 0.380300 -0.045463 28.681238
0.375694 -0.923949 -0.071912 -29.938187 -0.068222 0.049812 -0.996426 -50.534554 0.924229 0.379257 -0.044320 28.673601
0.374804 -0.924405 -0.070698 -29.971048 -0.069918 0.047856 -0.996404 -50.926754 0.924464 0.378399 -0.046696 28.650558
0.375670 -0.924003 -0.071353 -29.996630 -0.067417 0.049541 -0.996494 -51.295528 0.924298 0.379163 -0.043682 28.647387
0.375621 -0.923722 -0.075139 -30.019144 -0.070258 0.052461 -0.996148 -51.683216 0.924107 0.379453 -0.045193 28.656973
0.377386 -0.923042 -0.074651 -30.045023 -0.070934 0.051561 -0.996147 -52.053349 0.923335 0.381227 -0.046016 28.642138
0.376905 -0.923082 -0.076573 -30.085915 -0.073229 0.052714 -0.995921 -52.442772 0.923353 0.380975 -0.047728 28.639578
0.380176 -0.921432 -0.080184 -30.100967 -0.073672 0.056249 -0.995695 -52.835835 0.921975 0.384447 -0.046499 28.634373
0.384499 -0.919406 -0.082782 -30.132475 -0.094153 0.050149 -0.994294 -53.205692 0.918311 0.390099 -0.067283 28.629877
0.384990 -0.918207 -0.093153 -30.164564 -0.120286 0.050152 -0.991472 -53.578770 0.915048 0.392912 -0.091139 28.601547
0.388367 -0.916008 -0.100496 -30.207041 -0.143404 0.047650 -0.988516 -53.955738 0.910278 0.398319 -0.112854 28.563679
0.385702 -0.916833 -0.103207 -30.243269 -0.156194 0.045361 -0.986684 -54.317158 0.909306 0.396686 -0.125708 28.517540
0.384376 -0.917022 -0.106422 -30.299597 -0.165584 0.044925 -0.985172 -54.682884 0.908205 0.396299 -0.134576 28.465149
0.384520 -0.916589 -0.109587 -30.333878 -0.173877 0.044674 -0.983754 -55.054859 0.906593 0.397327 -0.142195 28.422518
0.381027 -0.917534 -0.113798 -30.374052 -0.180976 0.046686 -0.982379 -55.430557 0.906679 0.394907 -0.148264 28.353622
0.381365 -0.917381 -0.113902 -30.421114 -0.185708 0.044674 -0.981589 -55.801201 0.905579 0.395496 -0.153328 28.317272
0.379530 -0.918150 -0.113830 -30.457388 -0.186867 0.044425 -0.981380 -56.192905 0.906111 0.393734 -0.154712 28.275461
0.378492 -0.918456 -0.114810 -30.506010 -0.187486 0.045394 -0.981218 -56.565865 0.906418 0.392909 -0.155016 28.218939
0.378017 -0.918606 -0.115179 -30.561249 -0.188604 0.045391 -0.981004 -56.944603 0.906384 0.392560 -0.156094 28.136288
0.378457 -0.917788 -0.120147 -30.603266 -0.187100 0.051270 -0.981002 -57.294086 0.906512 0.393747 -0.152315 28.108067
0.377868 -0.917758 -0.122212 -30.640768 -0.190457 0.052126 -0.980311 -57.688931 0.906058 0.393704 -0.155097 28.064632
0.375202 -0.918109 -0.127668 -30.701735 -0.190385 0.058465 -0.979967 -58.037552 0.907181 0.391991 -0.152857 27.985788
0.374392 -0.918336 -0.128413 -30.756836 -0.192733 0.058393 -0.979512 -58.437561 0.907019 0.391471 -0.155132 27.942841
0.376571 -0.917376 -0.128904 -30.786440 -0.193896 0.058015 -0.979305 -58.832596 0.905869 0.393772 -0.156029 27.910919
0.374270 -0.918583 -0.126991 -30.835823 -0.194605 0.056091 -0.979277 -59.191452 0.906670 0.391227 -0.157768 27.849701
0.373295 -0.918571 -0.129913 -30.903887 -0.194654 0.059365 -0.979074 -59.562595 0.907062 0.390771 -0.156643 27.780603
0.372850 -0.918305 -0.133038 -30.940933 -0.195024 0.062618 -0.978797 -59.923122 0.907165 0.390890 -0.155745 27.735977
0.377565 -0.915968 -0.135816 -30.984180 -0.197222 0.063760 -0.978283 -60.314938 0.904736 0.396152 -0.156576 27.701921
0.377123 -0.916406 -0.134085 -31.046593 -0.199922 0.060814 -0.977923 -60.695015 0.904328 0.395604 -0.160275 27.639261
0.376970 -0.917216 -0.128870 -31.112341 -0.182511 0.062848 -0.981193 -61.049664 0.908066 0.393401 -0.143710 27.554264
0.383799 -0.916264 -0.114713 -31.148769 -0.133299 0.067951 -0.988744 -61.374668 0.913745 0.394770 -0.096058 27.537317
0.391741 -0.914746 -0.098888 -31.158674 -0.119940 0.055790 -0.991212 -61.777435 0.912224 0.400159 -0.087859 27.560669
0.394035 -0.913921 -0.097393 -31.196459 -0.113803 0.056636 -0.991888 -62.152557 0.912023 0.401922 -0.081690 27.559053
0.393802 -0.912372 -0.111791 -31.242258 -0.113769 0.072304 -0.990873 -62.504673 0.912128 0.402926 -0.075326 27.527420
0.399793 -0.909332 -0.115239 -31.293087 -0.112252 0.076205 -0.990753 -62.868504 0.909706 0.409032 -0.071608 27.483419
0.401743 -0.908335 -0.116316 -31.335571 -0.111134 0.077718 -0.990762 -63.231758 0.908984 0.410959 -0.069724 27.478083
0.398004 -0.909875 -0.117136 -31.374378 -0.114091 0.077601 -0.990435 -63.628506 0.910261 0.407561 -0.072923 27.496075
0.394726 -0.913085 -0.102315 -31.420395 -0.113328 0.062123 -0.991614 -64.027061 0.911783 0.403010 -0.078956 27.443565
0.394368 -0.913146 -0.103142 -31.458672 -0.112587 0.063382 -0.991618 -64.392700 0.912030 0.402675 -0.077812 27.417116
0.398118 -0.911772 -0.100863 -31.487272 -0.113550 0.060125 -0.991711 -64.777649 0.910279 0.406271 -0.079595 27.404284
0.395026 -0.914036 -0.092160 -31.529892 -0.107673 0.053561 -0.992743 -65.166199 0.912338 0.402082 -0.077259 27.348053
0.393074 -0.916924 -0.068870 -31.566679 -0.043659 0.056203 -0.997464 -65.510262 0.918470 0.395084 -0.017940 27.360119
0.404328 -0.913128 -0.052111 -31.563381 0.015746 0.063918 -0.997831 -65.817383 0.914478 0.402631 0.040222 27.410467
0.405970 -0.912057 -0.057796 -31.592922 0.026543 0.074983 -0.996832 -66.156448 0.913501 0.403150 0.054650 27.445311
0.406037 -0.912221 -0.054661 -31.620382 0.032263 0.074085 -0.996730 -66.535889 0.913287 0.402945 0.059513 27.504547
0.405630 -0.912443 -0.053964 -31.637644 0.041129 0.077200 -0.996167 -66.910561 0.913111 0.401856 0.068843 27.504068
0.406972 -0.912389 -0.043824 -31.653433 0.048956 0.069695 -0.996366 -67.324188 0.912128 0.403348 0.073031 27.560181
0.409633 -0.911360 -0.040288 -31.672815 0.055284 0.068882 -0.996092 -67.695160 0.910574 0.405805 0.078600 27.598156
0.411247 -0.910791 -0.036554 -31.674770 0.060514 0.067293 -0.995896 -68.073700 0.909513 0.407347 0.082790 27.642887
0.412678 -0.909971 -0.040613 -31.686779 0.061559 0.072347 -0.995478 -68.445076 0.908794 0.408312 0.085873 27.717556
0.423618 -0.905112 -0.036342 -31.698355 0.061040 0.068550 -0.995779 -68.836395 0.903782 0.419611 0.084287 27.740517
0.426474 -0.903891 -0.033190 -31.712688 0.062794 0.066193 -0.995829 -69.196564 0.902318 0.422611 0.084989 27.764883
0.429625 -0.902747 -0.021686 -31.740772 0.083989 0.063859 -0.994418 -69.591118 0.899093 0.425406 0.103256 27.783543
0.436351 -0.899725 0.009635 -31.724274 0.159855 0.066980 -0.984865 -69.909767 0.885463 0.431287 0.173053 27.868847
0.435427 -0.899331 0.040093 -31.700689 0.233475 0.069804 -0.969854 -70.182426 0.869421 0.431662 0.240365 27.976385
0.442531 -0.895829 0.040706 -31.691874 0.252248 0.080792 -0.964284 -70.484245 0.860545 0.436994 0.261724 28.052576
0.447233 -0.891921 0.066778 -31.674248 0.311289 0.085225 -0.946486 -70.827454 0.838500 0.444087 0.315761 28.200302
0.445749 -0.890152 0.094539 -31.617376 0.365813 0.084750 -0.926822 -71.111969 0.817000 0.447713 0.363407 28.360542
0.440148 -0.890055 0.118621 -31.578217 0.398393 0.075183 -0.914128 -71.435493 0.804707 0.449609 0.387683 28.542274
0.444340 -0.882157 0.156083 -31.514503 0.434838 0.060051 -0.898504 -71.766212 0.783249 0.467112 0.410278 28.693375
0.422817 -0.890350 0.168828 -31.478697 0.470759 0.056608 -0.880444 -72.071526 0.774346 0.451744 0.443075 28.866276
0.406257 -0.898487 0.166360 -31.471415 0.512100 0.073092 -0.855810 -72.318695 0.756775 0.432872 0.489809 28.959253
0.402904 -0.893510 0.198264 -31.422773 0.552516 0.064752 -0.830984 -72.564507 0.729654 0.444351 0.519767 29.175184
0.390191 -0.891566 0.229914 -31.396421 0.597106 0.054949 -0.800278 -72.795387 0.700868 0.449544 0.553800 29.369081
0.347942 -0.913785 0.209603 -33.358105 0.638431 0.067221 -0.766738 -72.698235 0.686544 0.400597 0.606778 30.546289
0.291614 -0.934573 0.203802 -34.970463 0.700052 0.063329 -0.711278 -72.793182 0.651834 0.350090 0.672718 31.794733
0.238833 -0.951762 0.192635 -36.630436 0.756398 0.057938 -0.651541 -72.785156 0.608951 0.301318 0.733748 32.938892
0.214908 -0.956686 0.196385 -38.501591 0.806622 0.060503 -0.587963 -72.766975 0.550614 0.284767 0.784686 33.939430
0.171718 -0.965221 0.197132 -40.282253 0.851938 0.045014 -0.521705 -72.733360 0.494687 0.257530 0.830038 34.986614
0.115822 -0.975657 0.186221 -42.085972 0.885849 0.016660 -0.463675 -72.654991 0.449285 0.218668 0.866214 35.958107
0.087742 -0.977527 0.191682 -44.030197 0.913708 0.002330 -0.406365 -72.810608 0.396786 0.210796 0.893379 36.780533
0.061771 -0.977249 0.202900 -45.939320 0.937501 -0.012941 -0.347742 -72.819069 0.342456 0.211699 0.915373 37.613674
0.039887 -0.977426 0.207477 -47.874409 0.958032 -0.021580 -0.285847 -72.855263 0.283871 0.210171 0.935545 38.393829
0.046903 -0.972779 0.226940 -49.805595 0.972156 -0.007765 -0.234204 -72.995819 0.229591 0.231606 0.945329 39.154949
0.043557 -0.973785 0.223262 -51.725285 0.983741 0.002831 -0.179572 -73.106392 0.174233 0.227453 0.958075 40.034233
0.039756 -0.973751 0.224118 -53.624649 0.988347 0.005339 -0.152125 -73.196404 0.146935 0.227554 0.962616 40.986279
0.051730 -0.971195 0.232601 -55.562439 0.986956 0.014161 -0.160366 -73.220161 0.152453 0.237863 0.959260 41.838909
0.056074 -0.972265 0.227058 -57.517387 0.988435 0.021966 -0.150043 -73.350227 0.140894 0.232846 0.962253 42.692093
0.059657 -0.976835 0.205508 -59.508678 0.986190 0.025812 -0.163593 -73.303078 0.154499 0.212430 0.964885 43.464657
0.073130 -0.973669 0.215920 -61.508984 0.985349 0.037091 -0.166468 -73.372543 0.154076 0.224930 0.962116 44.191177
0.084451 -0.970328 0.226563 -63.390450 0.988039 0.052105 -0.145134 -73.594986 0.129022 0.236110 0.963123 45.285385
0.113542 -0.966238 0.231283 -65.412155 0.983645 0.076563 -0.163036 -73.434700 0.139824 0.246012 0.959128 45.967434
0.140655 -0.960940 0.238349 -67.350639 0.981689 0.104127 -0.159515 -73.402580 0.128466 0.256421 0.957990 46.903820
0.148539 -0.955693 0.254142 -69.245148 0.983839 0.116830 -0.135691 -73.532677 0.099988 0.270190 0.957601 48.074398
0.155088 -0.961887 0.225213 -71.231606 0.980792 0.122618 -0.151700 -73.228897 0.118303 0.244413 0.962427 48.858219
